0, 0 1 
0, 1 1 
0, 2 1 
0, 3 1 
0, 4 1 
0, 5 1 
0, 6 1 
0, 7 1 
0, 8 1 
0, 9 1 
0, 10 1 
0, 11 1 
0, 12 1 
0, 13 1 
0, 14 1 
0, 15 1 
0, 16 1 
0, 17 1 
0, 18 1 
0, 19 1 
0, 20 1 
1, 0 1 
1, 1 2 
1, 2 3 
1, 3 4 
1, 4 5 
1, 5 6 
1, 6 7 
1, 7 8 
1, 8 9 
1, 9 10 
1, 10 11 
1, 11 12 
1, 12 13 
1, 13 14 
1, 14 15 
1, 15 16 
1, 16 17 
1, 17 18 
1, 18 19 
1, 19 20 
1, 20 21 
2, 0 1 
2, 1 3 
2, 2 6 
2, 3 10 
2, 4 15 
2, 5 21 
2, 6 28 
2, 7 36 
2, 8 45 
2, 9 55 
2, 10 66 
2, 11 78 
2, 12 91 
2, 13 105 
2, 14 120 
2, 15 136 
2, 16 153 
2, 17 171 
2, 18 190 
2, 19 210 
2, 20 231 
3, 0 1 
3, 1 4 
3, 2 10 
3, 3 20 
3, 4 35 
3, 5 56 
3, 6 84 
3, 7 120 
3, 8 165 
3, 9 220 
3, 10 286 
3, 11 364 
3, 12 455 
3, 13 560 
3, 14 680 
3, 15 816 
3, 16 969 
3, 17 1140 
3, 18 1330 
3, 19 1540 
3, 20 1771 
4, 0 1 
4, 1 5 
4, 2 15 
4, 3 35 
4, 4 70 
4, 5 126 
4, 6 210 
4, 7 330 
4, 8 495 
4, 9 715 
4, 10 1001 
4, 11 1365 
4, 12 1820 
4, 13 2380 
4, 14 3060 
4, 15 3876 
4, 16 4845 
4, 17 5985 
4, 18 7315 
4, 19 8855 
4, 20 10626 
5, 0 1 
5, 1 6 
5, 2 21 
5, 3 56 
5, 4 126 
5, 5 252 
5, 6 462 
5, 7 792 
5, 8 1287 
5, 9 2002 
5, 10 3003 
5, 11 4368 
5, 12 6188 
5, 13 8568 
5, 14 11628 
5, 15 15504 
5, 16 20349 
5, 17 26334 
5, 18 33649 
5, 19 42504 
5, 20 53130 
6, 0 1 
6, 1 7 
6, 2 28 
6, 3 84 
6, 4 210 
6, 5 462 
6, 6 924 
6, 7 1716 
6, 8 3003 
6, 9 5005 
6, 10 8008 
6, 11 12376 
6, 12 18564 
6, 13 27132 
6, 14 38760 
6, 15 54264 
6, 16 74613 
6, 17 100947 
6, 18 134596 
6, 19 177100 
6, 20 230230 
7, 0 1 
7, 1 8 
7, 2 36 
7, 3 120 
7, 4 330 
7, 5 792 
7, 6 1716 
7, 7 3432 
7, 8 6435 
7, 9 11440 
7, 10 19448 
7, 11 31824 
7, 12 50388 
7, 13 77520 
7, 14 116280 
7, 15 170544 
7, 16 245157 
7, 17 346104 
7, 18 480700 
7, 19 657800 
7, 20 888030 
8, 0 1 
8, 1 9 
8, 2 45 
8, 3 165 
8, 4 495 
8, 5 1287 
8, 6 3003 
8, 7 6435 
8, 8 12870 
8, 9 24310 
8, 10 43758 
8, 11 75582 
8, 12 125970 
8, 13 203490 
8, 14 319770 
8, 15 490314 
8, 16 735471 
8, 17 1081575 
8, 18 1562275 
8, 19 2220075 
8, 20 3108105 
9, 0 1 
9, 1 10 
9, 2 55 
9, 3 220 
9, 4 715 
9, 5 2002 
9, 6 5005 
9, 7 11440 
9, 8 24310 
9, 9 48620 
9, 10 92378 
9, 11 167960 
9, 12 293930 
9, 13 497420 
9, 14 817190 
9, 15 1307504 
9, 16 2042975 
9, 17 3124550 
9, 18 4686825 
9, 19 6906900 
9, 20 10015005 
10, 0 1 
10, 1 11 
10, 2 66 
10, 3 286 
10, 4 1001 
10, 5 3003 
10, 6 8008 
10, 7 19448 
10, 8 43758 
10, 9 92378 
10, 10 184756 
10, 11 352716 
10, 12 646646 
10, 13 1144066 
10, 14 1961256 
10, 15 3268760 
10, 16 5311735 
10, 17 8436285 
10, 18 13123110 
10, 19 20030010 
10, 20 30045015 
11, 0 1 
11, 1 12 
11, 2 78 
11, 3 364 
11, 4 1365 
11, 5 4368 
11, 6 12376 
11, 7 31824 
11, 8 75582 
11, 9 167960 
11, 10 352716 
11, 11 705432 
11, 12 1352078 
11, 13 2496144 
11, 14 4457400 
11, 15 7726160 
11, 16 13037895 
11, 17 21474180 
11, 18 34597290 
11, 19 54627300 
11, 20 84672315 
12, 0 1 
12, 1 13 
12, 2 91 
12, 3 455 
12, 4 1820 
12, 5 6188 
12, 6 18564 
12, 7 50388 
12, 8 125970 
12, 9 293930 
12, 10 646646 
12, 11 1352078 
12, 12 2704156 
12, 13 5200300 
12, 14 9657700 
12, 15 17383860 
12, 16 30421755 
12, 17 51895935 
12, 18 86493225 
12, 19 141120525 
12, 20 225792840 
13, 0 1 
13, 1 14 
13, 2 105 
13, 3 560 
13, 4 2380 
13, 5 8568 
13, 6 27132 
13, 7 77520 
13, 8 203490 
13, 9 497420 
13, 10 1144066 
13, 11 2496144 
13, 12 5200300 
13, 13 10400600 
13, 14 20058300 
13, 15 37442160 
13, 16 67863915 
13, 17 119759850 
13, 18 206253075 
13, 19 347373600 
13, 20 573166440 
14, 0 1 
14, 1 15 
14, 2 120 
14, 3 680 
14, 4 3060 
14, 5 11628 
14, 6 38760 
14, 7 116280 
14, 8 319770 
14, 9 817190 
14, 10 1961256 
14, 11 4457400 
14, 12 9657700 
14, 13 20058300 
14, 14 40116600 
14, 15 77558760 
14, 16 145422675 
14, 17 265182525 
14, 18 471435600 
14, 19 818809200 
14, 20 1391975640 
15, 0 1 
15, 1 16 
15, 2 136 
15, 3 816 
15, 4 3876 
15, 5 15504 
15, 6 54264 
15, 7 170544 
15, 8 490314 
15, 9 1307504 
15, 10 3268760 
15, 11 7726160 
15, 12 17383860 
15, 13 37442160 
15, 14 77558760 
15, 15 155117520 
15, 16 300540195 
15, 17 565722720 
15, 18 1037158320 
15, 19 1855967520 
15, 20 3247943160 
16, 0 1 
16, 1 17 
16, 2 153 
16, 3 969 
16, 4 4845 
16, 5 20349 
16, 6 74613 
16, 7 245157 
16, 8 735471 
16, 9 2042975 
16, 10 5311735 
16, 11 13037895 
16, 12 30421755 
16, 13 67863915 
16, 14 145422675 
16, 15 300540195 
16, 16 601080390 
16, 17 1166803110 
16, 18 2203961430 
16, 19 4059928950 
16, 20 7307872110 
17, 0 1 
17, 1 18 
17, 2 171 
17, 3 1140 
17, 4 5985 
17, 5 26334 
17, 6 100947 
17, 7 346104 
17, 8 1081575 
17, 9 3124550 
17, 10 8436285 
17, 11 21474180 
17, 12 51895935 
17, 13 119759850 
17, 14 265182525 
17, 15 565722720 
17, 16 1166803110 
17, 17 2333606220 
17, 18 4537567650 
17, 19 8597496600 
17, 20 15905368710 
18, 0 1 
18, 1 19 
18, 2 190 
18, 3 1330 
18, 4 7315 
18, 5 33649 
18, 6 134596 
18, 7 480700 
18, 8 1562275 
18, 9 4686825 
18, 10 13123110 
18, 11 34597290 
18, 12 86493225 
18, 13 206253075 
18, 14 471435600 
18, 15 1037158320 
18, 16 2203961430 
18, 17 4537567650 
18, 18 9075135300 
18, 19 17672631900 
18, 20 33578000610 
19, 0 1 
19, 1 20 
19, 2 210 
19, 3 1540 
19, 4 8855 
19, 5 42504 
19, 6 177100 
19, 7 657800 
19, 8 2220075 
19, 9 6906900 
19, 10 20030010 
19, 11 54627300 
19, 12 141120525 
19, 13 347373600 
19, 14 818809200 
19, 15 1855967520 
19, 16 4059928950 
19, 17 8597496600 
19, 18 17672631900 
19, 19 35345263800 
19, 20 68923264410 
20, 0 1 
20, 1 21 
20, 2 231 
20, 3 1771 
20, 4 10626 
20, 5 53130 
20, 6 230230 
20, 7 888030 
20, 8 3108105 
20, 9 10015005 
20, 10 30045015 
20, 11 84672315 
20, 12 225792840 
20, 13 573166440 
20, 14 1391975640 
20, 15 3247943160 
20, 16 7307872110 
20, 17 15905368710 
20, 18 33578000610 
20, 19 68923264410 
20, 20 137846528820 
